628,5
625,4
646,52
646,51
646,50
646,49
646,48
646,47
646,46
646,45
646,44
646,43
646,42
646,41
646,40
646,39
646,38
646,37
646,36
646,35
625,1
625,3
621,4
621,1
621,3
628,4
628,1
628,3
617,4
617,1
617,3
0,273
0,270
637,1
637,3
634,1
634,3
635,1
635,3
636,1
636,3
10,205
10,103
10,241
10,171
10,133
10,143
10,265
10,7
11,7
9,7
9,1
9,5
8,15
8,8
8,7
8,10
0,540
20,3
20,2
20,1
19,3
19,2
19,1
12,3
12,2
12,1
11,28
11,27
11,26
11,25
11,24
11,23
11,22
11,21
11,20
11,19
11,18
11,17
11,16
11,13
11,12
11,11
11,10
11,9
11,8
11,6
11,5
11,3
11,2
11,1
10,303
10,302
10,301
10,300
10,299
10,298
10,297
10,296
18,1
10,295
10,294
10,293
18,3
10,292
10,291
10,290
10,289
10,288
14,1
10,287
14,3
10,286
13,1
13,3
10,285
